4037           0.004300542916474592
2625           0.003640256381677609
6634           0.003197560886479479
15           0.0031525242348851676
2328           0.002566270539753114
2398           0.0025426751438006275
2470           0.002259712085921474
737           0.002139595945186218
5412           0.002136968961002295
3089           0.002134108654240322
2237           0.0021066644623449673
3352           0.0020796081025256604
4191           0.00203518538421112
3456           0.0019971860913596726
5254           0.001976010711415113
7632           0.0019718775628539027
6832           0.001959657128814016
7553           0.0019498301031194913
1297           0.001888659860233127
6774           0.0018492846695989525
2066           0.0018365473621307468
4310           0.0018054770513203059
762           0.0017628394879576445
665           0.0017462316999491661
7092           0.0017103787768721398
993           0.0016851694662697344
4712           0.0016837167933355939
2958           0.0016583906352306893
1186           0.001636006460331994
2657           0.0016114342031355326
4875           0.0015497197675813522
271           0.0015297448564495688
4335           0.0015145447435944846
6006           0.0014920983247690561
3537           0.0014913603714460193
4735           0.0014852156406148938
4261           0.001482277902089728
4256           0.0014560588791870223
3238           0.0014250148858753568
6059           0.0014129917991424277
825           0.0014108179961357125
7620           0.0014040241531567735
3568           0.0014037407601750036
3498           0.0013994756950527264
1549           0.0013940181338896462
2485           0.001391606350523039
2871           0.001385575715784562
5484           0.0013692456758248556
5123           0.0013677830247614967
6946           0.0013675280076103653
3084           0.0013559479520000943
5079           0.001349738004091227
2535           0.0013460502416113322
2654           0.0013433863314515006
6784           0.0013144643064303735
2859           0.0012865588288842832
2565           0.0012773603571917902
5459           0.0012719588863963779
3562           0.0012704006443934243
4400           0.0012623175005152978
5404           0.0012602306728573532
2746           0.0012554689483713136
5543           0.0012439076525316579
3334           0.0012367012965309651
4600           0.001236515171702801
5022           0.0012224621873878215
4828           0.0012165285314819719
6334           0.0012159432421411788
3897           0.0012102478417897347
2651           0.0012093356727756062
86           0.0011772415493127438
1211           0.001165071569995257
1726           0.0011625339814024809
28           0.0011595528208259273
2576           0.0011588530898693548
1633           0.0011560393342030164
3034           0.0011508545039066753
8042           0.0011491112214850976
5226           0.0011382877885388657
3321           0.0011269689640931587
1842           0.0011262562662232955
55           0.001121031010816174
4040           0.0011110850276284574
4981           0.0011023889626449825
3962           0.0010914971143870353
1754           0.001087045663571202
7809           0.0010858881917154494
2594           0.0010857269539737713
3443           0.00108546192758107
4666           0.0010789763415995194
4531           0.0010771798514064821
3260           0.0010628039931742648
5605           0.0010586980857817494
3459           0.001048842016474247
7021           0.0010408315565085986
7961           0.0010385484510721421
5563           0.0010374446560847523
2775           0.0010334291954920568
3005           0.0010193722539099247
2504           0.0010182930373250417
